Summary for SVHN with Balanced regime:
N: [8, 16, 32, 64, 128, 256, 512, 1024, 2048, 4096]
AUCs: 96.5900, 97.0600, 97.8800, 98.2700, 98.5900, 98.4900, 98.5400, 98.8900, 99.0600, 99.1800
TPR95: 84.1800, 86.1400, 90.0500, 91.8300, 93.3900, 93.8200, 94.6200, 95.6700, 96.5300, 97.3300
TPR99: 53.4900, 58.8900, 66.2400, 72.2900, 76.3400, 78.5600, 81.3500, 84.8800, 87.2500, 89.3700


Summary for FashionMNIST with Imbalanced regime:
N: [8, 16, 32, 64, 128, 256, 512, 1024, 2048, 4096]
AUCs: 94.8500, 94.9300, 94.6200, 94.6500, 94.9100, 94.6800, 95.3300, 95.6600, 95.3600, 94.6900
TPR95: 70.9700, 71.2800, 71.1600, 71.4600, 71.6100, 70.7900, 72.4900, 72.8600, 71.9900, 70.1700
TPR99: 53.4500, 55.6600, 55.1600, 56.7000, 57.4800, 56.9400, 58.0900, 57.8600, 56.2700, 54.9400


Summary for SVHN with Imbalanced regime:
N: [8, 16, 32, 64, 128, 256, 512, 1024, 2048, 4096]
AUCs: 96.5500, 96.8000, 97.6200, 97.9000, 98.1300, 98.2700, 98.2400, 98.2100, 98.0700, 98.0700
TPR95: 83.5000, 85.1000, 88.5700, 90.1700, 91.6400, 92.1000, 92.3500, 92.7200, 91.8600, 92.9300
TPR99: 48.5400, 52.1000, 59.1400, 64.8800, 67.4300, 69.6800, 73.6400, 74.3200, 74.5900, 74.4700



