Summary for SVHN with Balanced regime:
N: [8, 16, 32, 64, 128, 256, 512, 1024, 2048, 4096]
AUCs: 95.4400, 95.8100, 96.4700, 96.4600, 96.3800, 97.4500, 98.4400, 98.8300, 99.0500, 99.2100
TPR95: 82.2100, 82.5900, 84.8300, 84.3400, 83.5400, 88.4700, 93.3400, 94.7000, 95.6700, 96.5500
TPR99: 58.4300, 61.6100, 65.2800, 66.1400, 64.3700, 72.9300, 80.0000, 86.0900, 88.3400, 89.1400


Summary for FashionMNIST with Imbalanced regime:
N: [8, 16, 32, 64, 128, 256, 512, 1024, 2048, 4096]
AUCs: 89.9100, 89.9800, 89.8200, 90.0400, 89.7600, 89.8200, 91.7700, 93.5200, 91.7500, 89.7000
TPR95: 65.2200, 65.9400, 63.0700, 65.6700, 64.9500, 64.6300, 71.2500, 75.3900, 69.2200, 61.4300
TPR99: 44.4400, 45.6800, 42.2900, 45.8800, 45.3600, 47.0600, 57.6500, 64.9000, 54.9200, 48.4600


Summary for SVHN with Imbalanced regime:
N: [8, 16, 32, 64, 128, 256, 512, 1024, 2048, 4096]
AUCs: 95.7700, 96.0500, 96.4300, 96.2400, 95.9600, 95.7200, 96.4800, 97.1600, 97.5900, 98.0400
TPR95: 84.9000, 85.6300, 86.1100, 84.9800, 83.8000, 82.4200, 84.0100, 86.1000, 88.5500, 90.9200
TPR99: 65.3600, 64.9200, 68.7100, 70.1200, 68.7800, 68.8900, 69.3600, 71.1500, 74.8900, 80.4800


